t    T_ag    T_p    T_ai    T_m  s_T    s_t V   s_V
00   60      25     26      24   0.5    10  0.2 0.05V
0    60      27     27      25   0.5    10  
60   59      29     28      27   0.5    10   
120  59      32     31      28   0.5    10
180  58      38     32      29   0.5    10
240  56      41     33      30   0.5    10
300  56      41     32      30   0.5    10
360  55      37     33      31   0.5    10
420  54      37     33      32   0.5    10
480  53      41     33      33   0.5    10
540  52      40     33      33   0.5    10
600  51      42     32      33   0.5    10
