3.630900
3.629430
3.629920
3.630410
3.629920
3.629920
3.629920
3.629920
3.629920
3.630410
3.630410
3.630900
3.629430
3.630900
3.629430
3.629920
3.630900
3.629920
3.630900
3.630410
3.630410
3.629920
3.629920
3.630410
3.631390
3.630410
3.629920
3.631390
3.630410
3.631880
3.629430
3.631390
3.629430
3.629920
3.630410
3.630410
3.628940
3.629430
3.629920
3.629430
3.629430
3.629920
3.630410
3.630410
3.629430
3.628940
3.629430
3.628940
3.630900
3.629920
3.629920
3.629430
3.628940
3.629430
3.629430
3.629920
3.629430
3.629430
3.629430
3.630410
3.629920
3.630900
3.631390
3.628940
3.630410
3.629430
3.629920
3.629430
3.629430
3.629920
3.629430
3.629920
3.629920
3.630410
