2.705780
2.706760
2.703820
2.704800
2.704310
2.704310
2.705290
2.705780
2.705780
2.704800
2.704310
2.703330
2.704310
2.703330
2.706270
2.701370
2.702350
2.702840
2.703330
2.703330
2.704800
2.703820
2.702840
2.702350
2.700880
2.702350
2.703820
2.701370
2.700390
2.701370
2.702840
2.704310
2.703330
2.702350
2.700880
2.698430
2.698430
2.696470
2.697940
2.699900
2.695980
2.696470
2.695980
2.696470
2.695980
2.694510
2.694510
2.694510
2.694020
2.695000
2.693530
2.694020
2.694020
2.692060
2.693040
2.693530
