3.785250
3.784270
3.784270
3.785740
3.783780
3.784270
3.783780
3.784760
3.784760
3.783290
3.784270
3.784760
3.784270
3.783780
3.784270
3.783780
3.783780
3.784270
3.784760
3.783780
3.784270
3.783290
3.783780
3.783780
3.783780
3.783290
3.783290
3.783780
3.783290
3.783290
3.783780
3.783290
3.784270
3.783290
3.782800
3.784270
3.783780
3.783780
3.782310
3.784270
3.783780
3.784270
3.783780
3.783290
3.783780
3.783780
3.783780
3.783780
3.783780
3.783290
3.783780
3.783780
3.784270
3.783290
3.783780
3.784270
3.783780
3.783780
3.783290
3.782800
3.782800
3.782800
