3.750950
3.750950
3.750460
3.750460
3.750950
3.750460
3.750460
3.749480
3.750460
3.750460
3.750950
3.750460
3.749970
3.750460
3.749480
3.750460
3.751440
3.750950
3.749970
3.751440
3.750950
3.751930
3.750950
3.751440
3.751440
3.751440
3.751440
3.751440
3.751440
3.751440
3.751440
3.751440
3.750950
3.751440
3.751440
3.751440
3.751440
3.751440
3.751440
3.751930
3.751440
3.751440
3.751440
3.750950
3.751930
3.752420
3.751930
3.751440
3.752420
3.752420
3.752420
3.751930
3.751930
3.752420
3.752910
3.752420
