3.799460
3.801420
3.801420
3.805340
3.805340
3.803380
3.809260
3.808280
3.810240
3.808280
3.807300
3.809260
3.807300
3.811220
3.810240
3.812200
3.812200
3.809260
3.809260
3.810240
3.811220
3.810240
3.809260
3.810240
3.808280
3.808280
3.805340
3.806320
3.803380
3.802400
3.800440
3.803380
3.801420
3.796520
3.795540
3.789660
3.786720
3.782800
3.778880
3.775940
3.770060
3.763200
3.754380
3.744580
3.738700
3.732820
3.726940
3.720080
3.713220
3.706360
3.697540
3.684800
3.676960
3.660300
3.648540
3.633840
3.622080
3.605420
3.583860
3.564260
3.546620
3.533880
3.516240
3.503500
3.482920
3.455480
3.422160
3.391780
3.373160
3.337880
3.307500
3.275160
3.224200
3.185980
3.150700
3.136000
3.121300
3.072300
3.011540
2.969400
2.918440
2.848860
2.799860
2.746940
2.711660
2.673440
2.630320
2.567600
2.502920
2.442160
2.379440
2.303980
2.224600
2.154040
2.065840
1.953140
1.867880
1.761060
1.642480
1.551340
1.437660
1.286740
1.157380
1.096620
1.021160
0.920220
0.779100
0.664440
0.570360
0.525280
0.509600
0.482160
0.460600
0.432180
0.532140
0.696780
0.850640
0.954520
1.126020
1.285760
1.432760
1.581720
1.734600
1.901200
2.054080
2.159920
2.262820
2.362780
