t   i   st  si  I  sI
0   143.4   0.5 0.5
1   138.4
2   126.1
3   117.7
4   106.8
5   99.8
6   88.8
7   88.1
8   76.1
10  50.5
11  33.9
12  28.2
13  20.6
14  14.9
15  10.9
16  8.3
17  6.9
18  6.6
19  6.3
20  6.3
21  5.9
22  5.6
23  5.3
24  5.3
25  4.9
26  4.9
27  4.6
28  4.3
29  4.3
30  4.3
32  3.9
34  3.6
38  3.3
40  3.3
42  3.1
44  2.9
46  2.6
48  2.6
50  2.6
55  3.6
60  6.4
65  4.8
70  2.8
75  1.2
80  0.4
85  0.4
90  0.0
-5  118.6
10  61.3
-15 23.4
-20 8.4
-25 6.8
-30 5.2
-35 4.2
-40 3.6
-45 3.6
-50 2.8
-55 2.8
-60 2.4
-65 4.4
-70 5.2
-75 2.4
-80 1.2
-85 0.4
-90 0.0
