t   i   st  si  I  sI
0   12.78   0.5 0.1
1   12.43
2   12.07
3   11.58
4   11.09
5   10.73
6   10.85
7   10.44
8   9.59
9   8.45
10  7.76
11  6.66
12  5.93
13  5.08
14  4.55
15  4.10
16  3.53
17  3.12
18  2.88
19  2.64
20  2.39
21  2.19
22  1.95
23  1.74
24  1.50
25  1.34
26  1.09
27  0.97
28  0.89
29  0.81
30  0.77
31  0.69
32  0.65
33  0.60
34  0.56
35  0.52
36  0.48
37  0.44
38  0.44
39  0.40
40  0.40
42  0.32
44  0.28
46  0.24
48  0.20
50  0.16
52  0.16
54  0.16
56  0.16
58  0.16
60  0.12
65  0.12
70  0.12
75  0.08
80  0.04
85  0.04
90  0.00
-5  10.64
-10 6.17
-15 3.00
-20 1.58
-25 0.85
-30 0.52
-35 0.36
-40 0.20
-45 0.20
-50 0.16
-55 0.12
-60 0.12
-65 0.08
-70 0.08
-75 0.08
-80 0.04
-85 0.04
-90 0.00
