t[s]	dt[s]	y[cm]	dy[cm]
2.923255556E0	0.02	6.988547426E0	0.125
2.955933333E0	0.02	6.840882368E0	0.125
2.989266667E0	0.02	6.581846798E0	0.125
3.022600000E0	0.02	6.118572748E0	0.125
3.056577778E0	0.02	5.489486365E0	0.125
3.089211111E0	0.02	4.860755249E0	0.125
3.122155556E0	0.02	4.120298356E0	0.125
3.155100000E0	0.02	3.453851625E0	0.125
3.188911111E0	0.02	2.694892190E0	0.125
3.222322222E0	0.02	1.953724763E0	0.125
3.255733333E0	0.02	9.905268474E-1	0.125
3.289255556E0	0.02	2.899171705E-1	0.125
3.321933333E0	0.02	-3.968084357E-1	0.125
3.353922222E0	0.02	-1.173915144E0	0.125
3.386633333E0	0.02	-1.840006608E0	0.125
3.420388889E0	0.02	-2.357367213E0	0.125
3.453288889E0	0.02	-2.894651426E0	0.125
3.486788889E0	0.02	-3.301707320E0	0.125
3.519644444E0	0.02	-3.727976290E0	0.125
3.552500000E0	0.02	-3.913712230E0	0.125
3.585555556E0	0.02	-4.061022022E0	0.125
3.619244444E0	0.02	-4.190539806E0	0.125
3.652033333E0	0.02	-4.227544888E0	0.125
3.686066667E0	0.02	-4.116529644E0	0.125
3.718733333E0	0.02	-3.968509318E0	0.125
3.752444444E0	0.02	-3.783483912E0	0.125
3.785400000E0	0.02	-3.542950883E0	0.125
3.819355556E0	0.02	-3.228052425E0	0.125
3.852833333E0	0.02	-2.913509233E0	0.125
3.886077778E0	0.02	-2.450945717E0	0.125
3.918511111E0	0.02	-1.932519311E0	0.125
3.951500000E0	0.02	-1.581326305E0	0.125
3.985555556E0	0.02	-1.099194447E0	0.125
4.019611111E0	0.02	-6.739912788E-1	0.125
4.050277778E0	0.02	-1.744226808E-1	0.125
4.084555556E0	0.02	2.696382952E-1	0.125
4.117166667E0	0.02	6.592574500E-1	0.125
4.149288889E0	0.02	9.919479151E-1	0.125
4.184122222E0	0.02	1.324993647E0	0.125
4.217188889E0	0.02	1.732049542E0	0.125
4.249666667E0	0.02	1.972582570E0	0.125
4.282433333E0	0.02	2.102100355E0	0.125
4.315077778E0	0.02	2.268623221E0	0.125
4.348744444E0	0.02	2.454003895E0	0.125
4.381066667E0	0.02	2.509866784E0	0.125
4.413800000E0	0.02	2.509866784E0	0.125
4.446933333E0	0.02	2.435501354E0	0.125
4.480066667E0	0.02	2.342988651E0	0.125
4.513200000E0	0.02	2.139460703E0	0.125
4.547111111E0	0.02	2.028445459E0	0.125
4.579555556E0	0.02	1.713547001E0	0.125
4.612555556E0	0.02	1.584029216E0	0.125
4.647511111E0	0.02	1.270196559E0	0.125
4.679100000E0	0.02	9.549428338E-1	0.125
4.711644444E0	0.02	6.596127170E-1	0.125
4.745433333E0	0.02	3.628615324E-1	0.125
4.777922222E0	0.02	1.219732368E-1	0.125
4.810955556E0	0.02	-1.559201401E-1	0.125
4.844766667E0	0.02	-4.519607908E-1	0.125
4.876300000E0	0.02	-7.291436339E-1	0.125
4.910355556E0	0.02	-8.408694117E-1	0.125
4.943100000E0	0.02	-1.007392278E0	0.125
4.976122222E0	0.02	-1.099904981E0	0.125
5.008911111E0	0.02	-1.303432928E0	0.125
5.041988889E0	0.02	-1.340438010E0	0.125
5.075066667E0	0.02	-1.358940550E0	0.125
5.111000000E0	0.02	-1.395945632E0	0.125
5.149144444E0	0.02	-1.432950713E0	0.125
5.177355556E0	0.02	-1.303077661E0	0.125
5.208755556E0	0.02	-1.284575121E0	0.125
5.241200000E0	0.02	-1.210564958E0	0.125
5.273877778E0	0.02	-1.099549714E0	0.125
5.306977778E0	0.02	-9.326715812E-1	0.125
5.339711111E0	0.02	-8.216563372E-1	0.125
5.373122222E0	0.02	-7.106410932E-1	0.125
5.406077778E0	0.02	-5.818338424E-1	0.125
5.439566667E0	0.02	-3.957426349E-1	0.125
5.473055556E0	0.02	-2.292197689E-1	0.125
5.505600000E0	0.02	-1.004125181E-1	0.125
5.539555556E0	0.02	6.611034788E-2	0.125
5.571722222E0	0.02	1.956281326E-1	0.125
5.605488889E0	0.02	3.251459172E-1	0.125
5.637955556E0	0.02	3.813640731E-1	0.125
5.671000000E0	0.02	4.923793171E-1	0.125
5.704311111E0	0.02	5.667447467E-1	0.125
5.737077778E0	0.02	6.784705246E-1	0.125
5.770255556E0	0.02	6.966177983E-1	0.125
5.803433333E0	0.02	7.151203390E-1	0.125
5.836311111E0	0.02	6.781152576E-1	0.125
5.869655556E0	0.02	6.596127170E-1	0.125
5.903000000E0	0.02	6.411101763E-1	0.125
5.937066667E0	0.02	6.226076356E-1	0.125
5.969422222E0	0.02	6.041050950E-1	0.125
6.002855556E0	0.02	5.300949323E-1	0.125
6.035588889E0	0.02	4.560847696E-1	0.125
6.069088889E0	0.02	3.447142587E-1	0.125
6.101400000E0	0.02	2.703488291E-1	0.125
6.134411111E0	0.02	2.333437477E-1	0.125
6.167755556E0	0.02	1.778361257E-1	0.125
6.200811111E0	0.02	8.461288855E-2	0.125
6.233677778E0	0.02	-7.899814786E-3	0.125
6.267755556E0	0.02	-1.189150588E-1	0.125
6.300022222E0	0.02	-1.559201401E-1	0.125
6.333111111E0	0.02	-1.740674139E-1	0.125
6.366588889E0	0.02	-2.110724952E-1	0.125
6.399688889E0	0.02	-2.477223096E-1	0.125
6.432622222E0	0.02	-2.477223096E-1	0.125
6.465922222E0	0.02	-2.292197689E-1	0.125
6.499000000E0	0.02	-9.934671733E-2	0.125
6.532077778E0	0.02	-9.970198426E-2	0.125
6.564977778E0	0.02	-8.190997746E-2	0.125
6.598311111E0	0.02	-4.490489612E-2	0.125
6.631466667E0	0.02	-2.604708852E-2	0.125
6.664444444E0	0.02	2.946053348E-2	0.125
6.697711111E0	0.02	6.682088174E-2	0.125
6.730733333E0	0.02	1.038259631E-1	0.125
6.763944444E0	0.02	1.223285037E-1	0.125
6.796944444E0	0.02	1.034706961E-1	0.125
6.830333333E0	0.02	1.596888520E-1	0.125
6.863244444E0	0.02	1.778361257E-1	0.125
6.896466667E0	0.02	2.144859402E-1	0.125
6.929588889E0	0.02	2.329884808E-1	0.125
6.963122222E0	0.02	2.329884808E-1	0.125
6.995400000E0	0.02	2.329884808E-1	0.125
7.029066667E0	0.02	2.144859402E-1	0.125
7.061811111E0	0.02	1.959833995E-1	0.125
7.094711111E0	0.02	1.774808588E-1	0.125
7.128366667E0	0.02	1.408310444E-1	0.125
7.161211111E0	0.02	1.223285037E-1	0.125
7.195000000E0	0.02	1.038259631E-1	0.125
7.227222222E0	0.02	8.532342241E-2	0.125
7.260655556E0	0.02	8.567868934E-2	0.125
7.294088889E0	0.02	4.867360801E-2	0.125
